C101_15_60

15	60

VEHICLE
NUMBER     CAPACITY
  25         200

CLU NO.  XCOORD.   YCOORD.    DEMAND   READY TIME  DUE DATE   SERVICE   TIME
    0      40         50          0          0       1236          0   
    1      45         68         10        912        967         90   
    2      45         70         30        825        870         90   
    3      42         66         10         65        146         90   
    4      42         68         10        727        782         90   
    5      42         65         10         15         67         90   
    6      40         69         20        621        702         90   
    7      40         66         20        170        225         90   
    8      38         68         20        255        324         90   
    9      38         70         10        534        605         90   
   10      35         66         10        357        410         90   
   11      35         69         10        448        505         90   
   12      25         85         20        652        721         90   
   13      22         75         30         30         92         90   
   14      22         85         10        567        620         90   
   15      20         80         40        384        429         90   
  
CUST NO.  XCOORD.   YCOORD.    DEMAND   READY TIME  DUE DATE   SERVICE TIME  CLUSTER
    0      39         69          5        912       1220         90          1
    1      43         68          3        825       1116         90          2
    2      41         66          2         65        294         90          3
    3      42         66          9        727        954         90          4
    4      43         66          3         15        185         90          5
    5      36         70         14        621        898         90          6
    6      44         64          8        170        287         90          7
    7      40         66         13        255        346         90          8
    8      40         70          1        534        780         90          9
    9      32         72          4        357        552         90         10
   10      38         68          2        448        697         90         11
   11      23         84          6        652        941         90         12
   12      22         73          4         30        260         90         13
   13      27         89          5        567        866         90         14
   14      20         75         16        384        653         90         15
   15      41         65          5        825       1025         90          2
   16      19         88          2        567        701         90         14
   17      41         67          5        534        754         90          9
   18      32         67          3        357        559         90         10
   19      23         77         17         30        290         90         13
   20      20         85          2        567        781         90         14
   21      43         66          1        825       1023         90          2
   22      27         83         11        652        873         90         12
   23      41         67          3         15        190         90          5
   24      37         70          2        357        444         90         10
   25      33         68          5        448        620         90         11
   26      34         66          2        621        793         90          6
   27      40         67          1        621        729         90          6
   28      37         67          1        448        558         90         11
   29      40         74          1        621        713         90          6
   30      29         66          1        357        566         90         10
   31      44         67          7        170        428         90          7
   32      27         83          1        567        783         90         14
   33      38         67          2        621        820         90          6
   34      32         62          1        255        535         90          8
   35      34         74          1        448        719         90         11
   36      45         67          3        912       1069         90          1
   37      41         64          1         15         83         90          5
   38      42         66          8         65        256         90          3
   39      26         67          1        255        489         90          8
   40      39         66          1         15        132         90          5
   41      23         76          4         30        321         90         13
   42      37         69          1        170        387         90          7
   43      41         75          4        534        667         90          9
   44      40         69          1         15        161         90          5
   45      47         67         13        825       1122         90          2
   46      19         74          5         30        302         90         13
   47      23         81          1        652        848         90         12
   48      45         63          2        912       1175         90          1
   49      39         70          1        170        318         90          7
   50      37         67          1        170        429         90          7
   51      45         62          1         15        239         90          5
   52      34         64          1        448        605         90         11
   53      41         69          3        825       1035         90          2
   54      20         77         24        384        542         90         15
   55      24         88          2        652        845         90         12
   56      43         68          5        825        942         90          2
   57      43         65          2        170        332         90          7
   58      40         68          1        727        799         90          4
   59      33         72          5        255        468         90          8
