C102_15_60

15	60

VEHICLE
NUMBER     CAPACITY
  25         200

CLU NO.  XCOORD.   YCOORD.    DEMAND   READY TIME  DUE DATE   SERVICE   TIME
    0      40         50          0          0       1236          0   
    1      45         68         10          0       1127         90   
    2      45         70         30          0       1125         90   
    3      42         66         10          0       1129         90   
    4      42         68         10        727        782         90   
    5      42         65         10          0       1130         90   
    6      40         69         20        621        702         90   
    7      40         66         20          0       1130         90   
    8      38         68         20        255        324         90   
    9      38         70         10        534        605         90   
   10      35         66         10        357        410         90   
   11      35         69         10        448        505         90   
   12      25         85         20          0       1107         90   
   13      22         75         30         30         92         90   
   14      22         85         10        567        620         90   
   15      20         80         40        384        429         90   
  
CUST NO.  XCOORD.   YCOORD.    DEMAND   READY TIME  DUE DATE   SERVICE TIME  CLUSTER
    0      44         65          1          0       1127         90          1
    1      43         73         10          0       1125         90          2
    2      44         67          1          0       1129         90          3
    3      40         65          2        727       1037         90          4
    4      45         68          2          0       1130         90          5
    5      37         68          2        621        743         90          6
    6      37         66         13          0       1130         90          7
    7      41         64         20        255        410         90          8
    8      41         73          4        534        682         90          9
    9      37         68          2        357        491         90         10
   10      33         69          2        448        726         90         11
   11      27         89          1          0       1107         90         12
   12      23         78         23         30        209         90         13
   13      28         87          1        567        892         90         14
   14      19         76         23        384        624         90         15
   15      42         73          8          0       1125         90          2
   16      41         67          4          0       1129         90          3
   17      27         82          4        567        673         90         14
   18      41         59          5          0       1130         90          7
   19      21         79         12        384        641         90         15
   20      51         68          7          0       1125         90          2
   21      21         73          4         30        182         90         13
   22      36         64          1        357        437         90         10
   23      22         81          3        567        681         90         14
   24      38         66          1          0       1129         90          3
   25      47         67          4          0       1127         90          1
   26      22         73          1         30        133         90         13
   27      20         83          6          0       1107         90         12
   28      37         68          4        534        762         90          9
   29      38         65          3        357        513         90         10
   30      43         69          2          0       1127         90          1
   31      31         71          2        448        606         90         11
   32      25         83         13          0       1107         90         12
   33      36         70          1        534        774         90          9
   34      42         72          2          0       1125         90          2
   35      19         82          1        567        837         90         14
   36      43         63          2          0       1130         90          7
   37      36         69         18        621        816         90          6
   38      47         63          1          0       1129         90          3
   39      42         62          3          0       1130         90          5
   40      38         71          2        357        544         90         10
   41      35         68          1        357        486         90         10
   42      20         75          1         30        326         90         13
   43      34         60          1        357        505         90         10
   44      49         62          1          0       1127         90          1
   45      46         65          3          0       1129         90          3
   46      31         72          1        448        655         90         11
   47      45         64          1          0       1127         90          1
   48      35         67          1        448        732         90         11
   49      46         69          7        727        898         90          4
   50      45         71          1        727        944         90          4
   51      46         69          5          0       1130         90          5
   52      47         68          1          0       1127         90          1
   53      22         77          1         30        314         90         13
   54      36         66          1        534        688         90          9
   55      23         87          1        567        802         90         14
   56      32         66          4        448        697         90         11
   57      40         70          1          0       1125         90          2
   58      50         66          2          0       1125         90          2
   59      16         80          5        384        629         90         15
