C103_15_60

15	60

VEHICLE
NUMBER     CAPACITY
  25         200

CLU NO.  XCOORD.   YCOORD.    DEMAND    READY TIME  DUE DATE   SERVICE  TIME
    0      40         50          0          0       1236          0   
    1      45         68         10          0       1127         90   
    2      45         70         30          0       1125         90   
    3      42         66         10          0       1129         90   
    4      42         68         10        727        782         90   
    5      42         65         10          0       1130         90   
    6      40         69         20        621        702         90   
    7      40         66         20          0       1130         90   
    8      38         68         20        255        324         90   
    9      38         70         10        534        605         90   
   10      35         66         10        357        410         90   
   11      35         69         10        448        505         90   
   12      25         85         20          0       1107         90   
   13      22         75         30         30         92         90   
   14      22         85         10          0       1106         90   
   15      20         80         40        384        429         90   
 
CUST NO.  XCOORD.   YCOORD.    DEMAND   READY TIME  DUE DATE   SERVICE TIME  CLUSTER
    0      44         63          3          0       1127         90          1
    1      44         66          8          0       1125         90          2
    2      38         66          4          0       1129         90          3
    3      42         59          4        727       1058         90          4
    4      47         61          8          0       1130         90          5
    5      39         71          2        621        787         90          6
    6      38         68          6          0       1130         90          7
    7      42         67         11        255        420         90          8
    8      31         72          1        534        785         90          9
    9      35         64          6        357        582         90         10
   10      32         66          1        448        655         90         11
   11      28         83         13          0       1107         90         12
   12      25         79         19         30        206         90         13
   13      23         86          4          0       1106         90         14
   14      16         80          9        384        571         90         15
   15      41         61         12          0       1130         90          7
   16      20         81          2          0       1106         90         14
   17      31         64          1        357        631         90         10
   18      24         83          3          0       1107         90         12
   19      20         80         24        384        456         90         15
   20      43         67          1          0       1130         90          5
   21      40         65          4        727        821         90          4
   22      41         72          2        448        737         90         11
   23      40         68          8        255        548         90          8
   24      42         63          1          0       1130         90          5
   25      35         70          3        534        784         90          9
   26      21         72          1         30        253         90         13
   27      35         66          3        621        857         90          6
   28      21         81          4        384        555         90         15
   29      41         65          1          0       1130         90          7
   30      36         68          3        448        564         90         11
   31      36         70          2        534        724         90          9
   32      39         65          1          0       1129         90          3
   33      40         63          1        448        574         90         11
   34      34         62          1        357        653         90         10
   35      37         70          3        534        783         90          9
   36      36         65          1        448        630         90         11
   37      36         60          1          0       1129         90          3
   38      34         71          1        534        665         90          9
   39      20         85          2          0       1107         90         12
   40      41         71         22          0       1125         90          2
   41      46         67          1          0       1129         90          3
   42      37         67          1        448        715         90         11
   43      29         66          1        357        615         90         10
   44      33         63          1        448        700         90         11
   45      39         69          4        621        819         90          6
   46      40         64         11        621        843         90          6
   47      39         66          1        255        507         90          8
   48      36         64          1          0       1130         90          7
   49      11         80          2        384        604         90         15
   50      32         69          1        357        494         90         10
   51      16         75         10         30        223         90         13
   52      44         64          2          0       1129         90          3
   53      16         87          4          0       1106         90         14
   54      37         66          1          0       1129         90          3
   55      19         82          1        384        470         90         15
   56      40         70          2        727       1020         90          4
   57      23         86          1          0       1107         90         12
   58      44         62          7          0       1127         90          1
   59      23         82          1          0       1107         90         12
