C104_15_60

15	60

VEHICLE
NUMBER     CAPACITY
  25         200

CLU NO.   XCOORD.  YCOORD.    DEMAND    READY TIME  DUE DATE  SERVICE   TIME
    0      40         50          0          0       1236          0   
    1      45         68         10          0       1127         90   
    2      45         70         30          0       1125         90   
    3      42         66         10          0       1129         90   
    4      42         68         10        727        782         90   
    5      42         65         10          0       1130         90   
    6      40         69         20          0       1127         90   
    7      40         66         20          0       1130         90   
    8      38         68         20        255        324         90   
    9      38         70         10        534        605         90   
   10      35         66         10          0       1129         90   
   11      35         69         10        448        505         90   
   12      25         85         20          0       1107         90   
   13      22         75         30         30         92         90   
   14      22         85         10          0       1106         90   
   15      20         80         40        384        429         90   
  
CUST NO.  XCOORD.   YCOORD.    DEMAND   READY TIME  DUE DATE   SERVICE TIME  CLUSTER
    0      41         68          7          0       1127         90          1
    1      47         73         14          0       1125         90          2
    2      50         67          8          0       1129         90          3
    3      43         64          4        727        816         90          4
    4      44         66          3          0       1130         90          5
    5      41         65          3          0       1127         90          6
    6      33         69         14          0       1130         90          7
    7      32         67         12        255        496         90          8
    8      37         70          4        534        724         90          9
    9      33         68          3          0       1129         90         10
   10      29         70          4        448        679         90         11
   11      24         88         18          0       1107         90         12
   12      22         75          3         30        148         90         13
   13      20         86          5          0       1106         90         14
   14      22         73          1        384        630         90         15
   15      47         68          1          0       1127         90          1
   16      36         67          3          0       1129         90         10
   17      42         70          1        534        822         90          9
   18      48         71          1          0       1127         90          1
   19      36         71          4        255        403         90          8
   20      49         72          6          0       1130         90          7
   21      40         60          4        727        923         90          4
   22      41         68          5          0       1130         90          5
   23      33         61          1          0       1129         90         10
   24      35         68          1        448        550         90         11
   25      38         71          1          0       1127         90          1
   26      21         82          2          0       1106         90         14
   27      40         72          3          0       1127         90          6
   28      25         81          6        384        478         90         15
   29      38         71          3          0       1127         90          6
   30      33         65          1        255        541         90          8
   31      38         67          1        448        582         90         11
   32      19         73          2         30        184         90         13
   33      20         83          2          0       1107         90         12
   34      44         68          1          0       1129         90          3
   35      39         68          1        448        750         90         11
   36      25         71         12         30        342         90         13
   37      39         65          2        727        990         90          4
   38      48         69          1          0       1129         90          3
   39      36         66          5          0       1127         90          6
   40      37         70          5          0       1127         90          6
   41      33         69          1        448        649         90         11
   42      40         66          2        255        472         90          8
   43      23         78          9         30        323         90         13
   44      38         65          1          0       1127         90          6
   45      16         82         33        384        471         90         15
   46      36         66          1          0       1129         90         10
   47      44         76         16          0       1125         90          2
   48      38         66          5        534        767         90          9
   49      46         59          1          0       1130         90          5
   50      34         66          1        448        619         90         11
   51      38         63          1          0       1129         90         10
   52      44         63          1          0       1130         90          5
   53      20         73          2         30        330         90         13
   54      27         72          1         30        156         90         13
   55      33         64          1          0       1129         90         10
   56      38         65          1        255        433         90          8
   57      35         69          1        448        695         90         11
   58      19         84          3          0       1106         90         14
   59      25         79          1         30        177         90         13
