C101_20_80

20	80

VEHICLE
NUMBER     CAPACITY
  25         200

CLU NO.  XCOORD.   YCOORD.    DEMAND   READY TIME  DUE DATE   SERVICE   TIME
    0      40         50          0          0       1236          0   
    1      45         68         10        912        967         90   
    2      45         70         30        825        870         90   
    3      42         66         10         65        146         90   
    4      42         68         10        727        782         90   
    5      42         65         10         15         67         90   
    6      40         69         20        621        702         90   
    7      40         66         20        170        225         90   
    8      38         68         20        255        324         90   
    9      38         70         10        534        605         90   
   10      35         66         10        357        410         90   
   11      35         69         10        448        505         90   
   12      25         85         20        652        721         90   
   13      22         75         30         30         92         90   
   14      22         85         10        567        620         90   
   15      20         80         40        384        429         90   
   16      20         85         40        475        528         90   
   17      18         75         20         99        148         90   
   18      15         75         20        179        254         90   
   19      15         80         10        278        345         90   
   20      30         50         10         10         73         90   
  
CUST NO.  XCOORD.   YCOORD.    DEMAND   READY TIME  DUE DATE   SERVICE TIME  CLUSTER
    0      46         70          8        912        987         90          1
    1      47         74         22        825       1079         90          2
    2      41         64          4         65        193         90          3
    3      45         69          8        727        932         90          4
    4      47         63          2         15        125         90          5
    5      38         70         15        621        889         90          6
    6      42         61          8        170        311         90          7
    7      39         73         15        255        551         90          8
    8      38         72          8        534        782         90          9
    9      38         63          1        357        498         90         10
   10      34         67          6        448        552         90         11
   11      23         84         11        652        783         90         12
   12      22         73         22         30        155         90         13
   13      16         86          2        567        689         90         14
   14      20         80         18        384        611         90         15
   15      15         83         19        475        577         90         16
   16      17         76         13         99        387         90         17
   17      11         73          8        179        267         90         18
   18      10         81          5        278        520         90         19
   19      25         52          2         10        276         90         20
   20      40         65          1         65        309         90          3
   21      48         70          6        825        945         90          2
   22      42         63          1        727        989         90          4
   23      14         85          9        384        709         90         15
   24      33         67          1        357        642         90         10
   25       8         69          3        179        465         90         18
   26      40         67          1        255        345         90          8
   27      38         70          1        912       1039         90          1
   28      12         82          3        278        495         90         19
   29      25         81          4        475        808         90         16
   30      32         65          1        357        535         90         10
   31      36         70          1        255        543         90          8
   32      13         79          1        278        385         90         19
   33      41         67          1         65        308         90          3
   34      23         74          3         99        272         90         17
   35      30         62          3        448        708         90         11
   36      15         77          1        179        316         90         18
   37      26         88          5        652        751         90         12
   38      19         85          1        475        739         90         16
   39      33         64          3        357        481         90         10
   40      42         70          1         65        191         90          3
   41      31         68          1        448        644         90         11
   42      33         66          2        357        568         90         10
   43      28         48          4         10        149         90         20
   44      33         67          1        357        619         90         10
   45      39         74          2        534        655         90          9
   46      41         67          9        170        303         90          7
   47      34         48          1         10        244         90         20
   48      48         58          8         15        188         90          5
   49      21         75          8         30        243         90         13
   50      35         69          1        357        517         90         10
   51      15         87         12        384        617         90         15
   52      37         61          1         65        384         90          3
   53      22         84          5        567        648         90         14
   54      44         67          1        727        812         90          4
   55      13         78          3        179        492         90         18
   56      32         66          1        255        425         90          8
   57      42         58          2         65        297         90          3
   58      17         78          1        278        452         90         19
   59      23         90          2        652        785         90         12
   60      20         86          2        567        805         90         14
   61      27         53          2         10        149         90         20
   62      40         66          1        255        368         90          8
   63      36         74          3        621        840         90          6
   64      27         84          1        652        828         90         12
   65      30         87          1        652        908         90         12
   66      19         81         15        475        713         90         16
   67      43         67          2        621        813         90          6
   68      42         72          1        912       1222         90          1
   69      20         88          1        475        678         90         16
   70      14         73          4        179        311         90         18
   71      40         64          1        170        288         90          7
   72      19         87          1        567        677         90         14
   73      19         73          4         99        229         90         17
   74      34         64          1        255        413         90          8
   75      19         76          1        384        502         90         15
   76      45         69          2        825       1030         90          2
   77      12         72          1        179        403         90         18
   78      40         69          2        170        421         90          7
   79      27         50          1         10        213         90         20
