C102_20_80

20	80

VEHICLE
NUMBER     CAPACITY
  25         200

CLU NO.  XCOORD.   YCOORD.    DEMAND   READY TIME  DUE DATE   SERVICE   TIME
    0      40         50          0          0       1236          0   
    1      45         68         10          0       1127         90   
    2      45         70         30          0       1125         90   
    3      42         66         10          0       1129         90   
    4      42         68         10        727        782         90   
    5      42         65         10          0       1130         90   
    6      40         69         20        621        702         90   
    7      40         66         20          0       1130         90   
    8      38         68         20        255        324         90   
    9      38         70         10        534        605         90   
   10      35         66         10        357        410         90   
   11      35         69         10        448        505         90   
   12      25         85         20          0       1107         90   
   13      22         75         30         30         92         90   
   14      22         85         10        567        620         90   
   15      20         80         40        384        429         90   
   16      20         85         40        475        528         90   
   17      18         75         20         99        148         90   
   18      15         75         20        179        254         90   
   19      15         80         10        278        345         90   
   20      30         50         10         10         73         90   
  
CUST NO.  XCOORD.   YCOORD.    DEMAND   READY TIME  DUE DATE   SERVICE TIME  CLUSTER
    0      45         65          4          0       1127         90          1
    1      52         67          7          0       1125         90          2
    2      36         64          8          0       1129         90          3
    3      40         68          2        727        829         90          4
    4      39         62          3          0       1130         90          5
    5      38         72          6        621        887         90          6
    6      40         66         14          0       1130         90          7
    7      40         68          9        255        439         90          8
    8      38         70          4        534        761         90          9
    9      32         64         10        357        608         90         10
   10      38         68          1        448        637         90         11
   11      24         77         10          0       1107         90         12
   12      19         78          5         30        284         90         13
   13      22         87          3        567        827         90         14
   14      22         76         33        384        535         90         15
   15      19         88         16        475        744         90         16
   16      15         74         17         99        402         90         17
   17      18         73          1        179        409         90         18
   18      16         81          4        278        541         90         19
   19      30         53          7         10         87         90         20
   20      18         79          3        384        683         90         15
   21      40         63          2          0       1129         90          3
   22      21         76          1         30        151         90         13
   23      18         79         23         30        202         90         13
   24      36         64          2          0       1130         90          7
   25      30         50          1         10        297         90         20
   26      33         68          1        448        740         90         11
   27      38         70          8        727        835         90          4
   28      22         78          2        384        651         90         15
   29      36         70          8        448        690         90         11
   30      33         71          1        534        766         90          9
   31      44         75          6          0       1125         90          2
   32      19         78          1        278        549         90         19
   33      38         63         11          0       1125         90          2
   34      44         74          1          0       1127         90          1
   35      40         67          3        534        623         90          9
   36      12         72         10        179        453         90         18
   37      17         80          1        278        541         90         19
   38      48         62          1          0       1127         90          1
   39      14         75          1         99        422         90         17
   40      36         70          1          0       1130         90          5
   41      29         85          5        475        720         90         16
   42      21         82          4        567        665         90         14
   43      40         67          1        534        643         90          9
   44      15         72          1        278        378         90         19
   45      14         82          1        278        589         90         19
   46      19         76          1         99        273         90         17
   47      44         65          1          0       1125         90          2
   48      41         68          9        621        845         90          6
   49      14         79          1        278        490         90         19
   50      15         89          4        475        701         90         16
   51      19         75          6        179        472         90         18
   52      39         66          1          0       1125         90          2
   53      42         63          1          0       1127         90          1
   54      17         89          3        475        748         90         16
   55      36         63          4        255        491         90          8
   56      21         82          2        567        771         90         14
   57      37         68          2          0       1130         90          7
   58      13         78          3        179        277         90         18
   59      30         42          2         10        304         90         20
   60      19         84         12        475        743         90         16
   61      26         84          3          0       1107         90         12
   62      17         81          1        384        614         90         15
   63      48         69          1          0       1125         90          2
   64      17         78          1         99        378         90         17
   65      40         62          1        534        682         90          9
   66      25         83          1        567        701         90         14
   67      37         65          7        255        396         90          8
   68      21         90          3          0       1107         90         12
   69      43         67          1          0       1130         90          7
   70      31         64          5        621        950         90          6
   71      42         76          3          0       1125         90          2
   72      44         62          2          0       1130         90          5
   73      23         74          1         30        175         90         13
   74      44         67          3          0       1127         90          1
   75      19         77          1        384        659         90         15
   76      47         63          4          0       1130         90          5
   77      29         87          4          0       1107         90         12
   78      43         65          1          0       1130         90          7
   79      13         80          1        278        459         90         19
