C103_20_80

20	80

VEHICLE
NUMBER     CAPACITY
  25         200

CLU NO.  XCOORD.   YCOORD.    DEMAND    READY TIME  DUE DATE   SERVICE  TIME
    0      40         50          0          0       1236          0   
    1      45         68         10          0       1127         90   
    2      45         70         30          0       1125         90   
    3      42         66         10          0       1129         90   
    4      42         68         10        727        782         90   
    5      42         65         10          0       1130         90   
    6      40         69         20        621        702         90   
    7      40         66         20          0       1130         90   
    8      38         68         20        255        324         90   
    9      38         70         10        534        605         90   
   10      35         66         10        357        410         90   
   11      35         69         10        448        505         90   
   12      25         85         20          0       1107         90   
   13      22         75         30         30         92         90   
   14      22         85         10          0       1106         90   
   15      20         80         40        384        429         90   
   16      20         85         40          0       1105         90   
   17      18         75         20         99        148         90   
   18      15         75         20          0       1110         90   
   19      15         80         10          0       1106         90   
   20      30         50         10          0       1136         90   
 
CUST NO.  XCOORD.   YCOORD.    DEMAND   READY TIME  DUE DATE   SERVICE TIME  CLUSTER
    0      48         66          4          0       1127         90          1
    1      44         72         19          0       1125         90          2
    2      45         61          4          0       1129         90          3
    3      40         70          5        727        992         90          4
    4      40         64          1          0       1130         90          5
    5      44         65          5        621        763         90          6
    6      43         67          6          0       1130         90          7
    7      40         65          7        255        382         90          8
    8      37         69          3        534        632         90          9
    9      38         61         10        357        612         90         10
   10      33         69         10        448        635         90         11
   11      27         83         14          0       1107         90         12
   12      19         73          1         30        253         90         13
   13      25         93          2          0       1106         90         14
   14      15         76          5        384        621         90         15
   15      19         84         30          0       1105         90         16
   16      19         74          3         99        195         90         17
   17      14         72          9          0       1110         90         18
   18      17         82          2          0       1106         90         19
   19      32         51          7          0       1136         90         20
   20      42         69          4          0       1125         90          2
   21      43         67          5          0       1130         90          7
   22      16         79          3          0       1110         90         18
   23      41         65          5          0       1130         90          5
   24      36         65          3        621        936         90          6
   25      38         74          1        534        684         90          9
   26      16         75          2          0       1110         90         18
   27      25         83          4          0       1106         90         14
   28      36         62          1          0       1130         90          5
   29      19         82          5          0       1105         90         16
   30      41         68          1        727        793         90          4
   31      15         81         16         99        256         90         17
   32      20         80          2          0       1105         90         16
   33      41         64          1        534        661         90          9
   34      43         67          1        727        876         90          4
   35      19         83         16        384        666         90         15
   36      32         61          2          0       1129         90          3
   37      18         81          1          0       1106         90         19
   38      35         66          1        534        749         90          9
   39      37         65          4          0       1127         90          1
   40      25         87          1          0       1106         90         14
   41      15         78          1          0       1106         90         19
   42      41         67          1        727        845         90          4
   43      43         69          1          0       1130         90          5
   44      12         79          3          0       1106         90         19
   45      18         83          3          0       1105         90         16
   46      38         65          5          0       1130         90          7
   47      14         72          2          0       1110         90         18
   48      20         77         15        384        668         90         15
   49      47         61          2          0       1127         90          1
   50      11         80          2          0       1106         90         19
   51       9         77          2          0       1110         90         18
   52      18         82          1          0       1106         90         19
   53      38         60          1          0       1130         90          5
   54      24         87          2          0       1107         90         12
   55      35         72          1        534        716         90          9
   56      37         64          4          0       1130         90          7
   57      45         66          1        727        902         90          4
   58      20         86          2          0       1107         90         12
   59      36         65         11        621        763         90          6
   60      18         73         25         30        264         90         13
   61      16         74          2          0       1110         90         18
   62      43         67          1        727        951         90          4
   63      38         75          1        534        684         90          9
   64      25         87          3          0       1106         90         14
   65      29         73          1         30        201         90         13
   66      26         80          2          0       1107         90         12
   67      14         70          1         99        255         90         17
   68      34         49          3          0       1136         90         20
   69      46         63          1          0       1130         90          5
   70      44         67          4          0       1129         90          3
   71      47         72          7          0       1125         90          2
   72      38         67          1        621        787         90          6
   73      20         78          1         30        346         90         13
   74      21         73          3        384        555         90         15
   75      41         68         13        255        447         90          8
   76      37         73          2        534        657         90          9
   77      17         82          1        384        462         90         15
   78      26         76          1         30        267         90         13
   79      16         75          1         30        327         90         13
