C104_20_80

20	80

VEHICLE
NUMBER     CAPACITY
  25         200

CLU NO.   XCOORD.  YCOORD.    DEMAND    READY TIME  DUE DATE  SERVICE   TIME
    0      40         50          0          0       1236          0   
    1      45         68         10          0       1127         90   
    2      45         70         30          0       1125         90   
    3      42         66         10          0       1129         90   
    4      42         68         10        727        782         90   
    5      42         65         10          0       1130         90   
    6      40         69         20          0       1127         90   
    7      40         66         20          0       1130         90   
    8      38         68         20        255        324         90   
    9      38         70         10        534        605         90   
   10      35         66         10          0       1129         90   
   11      35         69         10        448        505         90   
   12      25         85         20          0       1107         90   
   13      22         75         30         30         92         90   
   14      22         85         10          0       1106         90   
   15      20         80         40        384        429         90   
   16      20         85         40          0       1105         90   
   17      18         75         20          0       1112         90   
   18      15         75         20          0       1110         90   
   19      15         80         10          0       1106         90   
   20      30         50         10          0       1136         90   
  
CUST NO.  XCOORD.   YCOORD.    DEMAND   READY TIME  DUE DATE   SERVICE TIME  CLUSTER
    0      48         61          5          0       1127         90          1
    1      41         69          1          0       1125         90          2
    2      37         65          4          0       1129         90          3
    3      42         64          1        727        896         90          4
    4      46         65          4          0       1130         90          5
    5      43         71          8          0       1127         90          6
    6      35         65         20          0       1130         90          7
    7      39         69         14        255        550         90          8
    8      32         69          6        534        839         90          9
    9      39         64          5          0       1129         90         10
   10      37         65          5        448        659         90         11
   11      29         83          6          0       1107         90         12
   12      18         77          7         30        237         90         13
   13      23         85          8          0       1106         90         14
   14      15         80         17        384        579         90         15
   15      16         83         12          0       1105         90         16
   16      18         74         11          0       1112         90         17
   17      16         75         10          0       1110         90         18
   18      13         85          7          0       1106         90         19
   19      32         46          8          0       1136         90         20
   20      22         70          5          0       1110         90         18
   21      15         74          4          0       1112         90         17
   22      40         73          7          0       1127         90          6
   23      36         70          1        534        802         90          9
   24      40         71          1        534        739         90          9
   25      30         71          1        448        537         90         11
   26      41         61          4          0       1129         90          3
   27      31         67          1        534        748         90          9
   28      42         68          1          0       1130         90          5
   29      30         49          2          0       1136         90         20
   30      44         66          1          0       1130         90          5
   31      20         82         22        384        686         90         15
   32      33         69          1          0       1129         90         10
   33      40         61          1          0       1130         90          5
   34      18         72          2          0       1112         90         17
   35      19         75         20         30        297         90         13
   36      39         64          1          0       1130         90          5
   37      36         64          1          0       1129         90         10
   38      17         75          1          0       1106         90         19
   39      17         71          2         30        172         90         13
   40      45         67          4        727        835         90          4
   41      39         69          2          0       1127         90          1
   42      34         66          2        448        604         90         11
   43      19         73          2          0       1112         90         17
   44      41         73          2          0       1127         90          6
   45      37         65          1          0       1127         90          6
   46      40         73          2        255        552         90          8
   47      14         84          1          0       1106         90         19
   48      33         68          1          0       1129         90         10
   49      22         72          1         30        296         90         13
   50      15         71          1          0       1112         90         17
   51      36         64          1          0       1129         90         10
   52      28         74          2        448        648         90         11
   53      37         68          2          0       1127         90          6
   54      41         76          1        534        796         90          9
   55      37         67          1          0       1129         90         10
   56      28         78          9          0       1107         90         12
   57      19         85          1          0       1106         90         14
   58      39         66          1        255        459         90          8
   59      40         69          1          0       1130         90          5
   60      33         70          1        255        432         90          8
   61      16         82         22          0       1105         90         16
   62      27         86          1          0       1107         90         12
   63      21         74          1        384        692         90         15
   64      29         88          3          0       1107         90         12
   65      46         66          1          0       1127         90          1
   66      15         82          1          0       1106         90         19
   67      18         73          2          0       1110         90         18
   68      39         61          1          0       1130         90          5
   69      23         89          1          0       1106         90         14
   70      22         85          1          0       1107         90         12
   71      44         70          2          0       1129         90          3
   72      14         77          3          0       1110         90         18
   73      40         69          1          0       1127         90          1
   74      38         66          1        255        513         90          8
   75      38         67          1        255        378         90          8
   76      43         67         29          0       1125         90          2
   77      24         82          6          0       1105         90         16
   78      40         71          5        727        896         90          4
   79      49         69          1          0       1127         90          1
