C101_10_40

10	40

VEHICLE
NUMBER     CAPACITY
  25         200

CLU NO.  XCOORD.   YCOORD.    DEMAND   READY TIME  DUE DATE   SERVICE   TIME
    0      40         50          0          0       1236          0   
    1      45         68         10        912        967         90   
    2      45         70         30        825        870         90   
    3      42         66         10         65        146         90   
    4      42         68         10        727        782         90   
    5      42         65         10         15         67         90   
    6      40         69         20        621        702         90   
    7      40         66         20        170        225         90   
    8      38         68         20        255        324         90   
    9      38         70         10        534        605         90   
   10      35         66         10        357        410         90   
  
CUST NO.  XCOORD.   YCOORD.    DEMAND   READY TIME  DUE DATE   SERVICE TIME  CLUSTER
    0      50         73          3        912       1045         90          1
    1      42         70          5        825       1020         90          2
    2      42         60          2         65        274         90          3
    3      37         64          5        727       1009         90          4
    4      46         70          4         15        328         90          5
    5      45         71         11        621        904         90          6
    6      41         65         16        170        278         90          7
    7      38         74         13        255        436         90          8
    8      39         64          1        534        678         90          9
    9      32         69          6        357        588         90         10
   10      43         69          1         65        224         90          3
   11      41         70          7        621        860         90          6
   12      40         73          1        727        953         90          4
   13      38         71          1        621        778         90          6
   14      40         61          4         15        141         90          5
   15      50         70         23        825       1127         90          2
   16      38         71          3        170        444         90          7
   17      41         67          1        825        942         90          2
   18      39         64          4        534        702         90          9
   19      41         72          1        825        919         90          2
   20      44         67          2         15        230         90          5
   21      41         70          1        255        538         90          8
   22      43         69          1        727       1014         90          4
   23      43         65          7        912       1078         90          1
   24      35         68          2        255        561         90          8
   25      42         69          2         65        336         90          3
   26      37         66          1        170        387         90          7
   27      39         70          1        255        345         90          8
   28      43         68          1        727        986         90          4
   29      36         74          4        534        829         90          9
   30      39         64          1        255        414         90          8
   31      40         71          1        534        710         90          9
   32      42         63          3         65        191         90          3
   33      37         63          1        357        552         90         10
   34      36         66          3        357        616         90         10
   35      45         67          1        727        982         90          4
   36      38         69          2         65        350         90          3
   37      37         68          1        621        937         90          6
   38      36         65          2        255        409         90          8
   39      43         70          1        727        908         90          4
