C101_125

25	125

VEHICLE
NUMBER     CAPACITY
  25         200

CLU NO.  XCOORD.   YCOORD.    DEMAND   READY TIME  DUE DATE   SERVICE   TIME
    0      40         50          0          0       1236          0   
    1      45         68         10        912        967         90   
    2      45         70         30        825        870         90   
    3      42         66         10         65        146         90   
    4      42         68         10        727        782         90   
    5      42         65         10         15         67         90   
    6      40         69         20        621        702         90   
    7      40         66         20        170        225         90   
    8      38         68         20        255        324         90   
    9      38         70         10        534        605         90   
   10      35         66         10        357        410         90   
   11      35         69         10        448        505         90   
   12      25         85         20        652        721         90   
   13      22         75         30         30         92         90   
   14      22         85         10        567        620         90   
   15      20         80         40        384        429         90   
   16      20         85         40        475        528         90   
   17      18         75         20         99        148         90   
   18      15         75         20        179        254         90   
   19      15         80         10        278        345         90   
   20      30         50         10         10         73         90   
   21      30         52         20        914        965         90   
   22      28         52         20        812        883         90   
   23      28         55         10        732        777         90   
   24      25         50         10         65        144         90   
   25      25         52         40        169        224         90   
  
CUST NO.  XCOORD.   YCOORD.    DEMAND   READY TIME  DUE DATE   SERVICE TIME  CLUSTER
    0      44         69          8        912       1070         90          1
    1      43         72          3        825       1081         90          2
    2      40         69          1         65        379         90          3
    3      40         70          2        727       1029         90          4
    4      41         61          3         15        278         90          5
    5      37         69          6        621        727         90          6
    6      38         65         10        170        319         90          7
    7      37         64          6        255        512         90          8
    8      41         71          7        534        779         90          9
    9      34         71          5        357        514         90         10
   10      34         68          3        448        556         90         11
   11      23         82          1        652        858         90         12
   12      20         77         16         30        208         90         13
   13      24         87          3        567        793         90         14
   14      19         78         25        384        532         90         15
   15      13         85         15        475        706         90         16
   16      22         76         12         99        271         90         17
   17      12         79         16        179        334         90         18
   18      19         81          2        278        553         90         19
   19      31         48          4         10        259         90         20
   20      29         50         18        914       1115         90         21
   21      28         52          7        812        903         90         22
   22      33         59          2        732        834         90         23
   23      27         51          1         65        311         90         24
   24      26         49          2        169        361         90         25
   25      41         66          1         15        136         90          5
   26      23         76          9         30        138         90         13
   27      37         63          2        357        549         90         10
   28      19         87          3        567        841         90         14
   29      27         51          8        812       1006         90         22
   30      20         54          4        732       1000         90         23
   31      27         53          2         65        355         90         24
   32      47         65          1         15        221         90          5
   33      23         85          2        567        795         90         14
   34      29         56          1        732       1031         90         23
   35      38         64          1         15        170         90          5
   36      42         61          1        912       1057         90          1
   37      42         68          2        448        661         90         11
   38      32         50          1        732        915         90         23
   39      26         57          1        914       1152         90         21
   40      39         71          5        170        274         90          7
   41      15         78          4        278        408         90         19
   42      28         52          1        914       1134         90         21
   43      42         66          1         15        102         90          5
   44      32         68          9        255        585         90          8
   45      14         81          2        278        531         90         19
   46      21         56         11        169        413         90         25
   47      18         89         19        475        615         90         16
   48      37         67          1        534        810         90          9
   49      45         76         21        825        952         90          2
   50      46         68          1         15        313         90          5
   51      39         69          4         65        331         90          3
   52      45         66          3        727        983         90          4
   53      37         68          1        255        467         90          8
   54      43         67          1        727        897         90          4
   55      33         51          1         10        251         90         20
   56      14         78          9        384        594         90         15
   57      46         68          1        912       1124         90          1
   58      10         73          2        179        367         90         18
   59      39         71          1        621        847         90          6
   60      42         62          2         15        153         90          5
   61      19         83          2        475        647         90         16
   62      23         46          9        169        414         90         25
   63      38         67          1        255        489         90          8
   64      28         50          1        732        909         90         23
   65      20         77          2         30        291         90         13
   66      23         53          2         65        252         90         24
   67      34         71         10        621        775         90          6
   68      27         49          1        169        461         90         25
   69      30         46          2         65        359         90         24
   70      48         70          2        825       1089         90          2
   71      40         67          3        170        299         90          7
   72      28         51          2         10        116         90         20
   73      44         69          1        621        743         90          6
   74      19         79          6         99        394         90         17
   75      42         69          1        170        427         90          7
   76      28         48          1         65        229         90         24
   77      23         52          3        169        309         90         25
   78      34         53          1        732        981         90         23
   79      40         72          1        255        347         90          8
   80      39         72          2        727        818         90          4
   81      32         52          3        812       1028         90         22
   82      30         47          1         10        179         90         20
   83      22         73          1         99        274         90         17
   84      28         88          7        652        852         90         12
   85      35         65          1        255        425         90          8
   86      37         69          1        448        740         90         11
   87      34         72          1        357        455         90         10
   88      26         86         11        652        751         90         12
   89      18         79          6        384        584         90         15
   90      26         49          1         10         95         90         20
   91      21         71          1         30        204         90         13
   92      37         57          1        170        491         90          7
   93      48         68          5         65        204         90          3
   94      19         78          1        567        859         90         14
   95      16         80          3        475        605         90         16
   96      36         67          1        255        523         90          8
   97      42         72          1        621        785         90          6
   98      44         67          1        621        859         90          6
   99      23         73          2         30        151         90         13
  100      40         68          1        727        816         90          4
  101      11         73          1        179        342         90         18
  102      30         49          1         10         86         90         20
  103      39         63          1        727        923         90          4
  104      24         52          8        169        442         90         25
  105      39         69          1        534        734         90          9
  106      38         72          1        448        635         90         11
  107      19         76          2        278        579         90         19
  108      47         71          2        825        996         90          2
  109      16         69          1        179        487         90         18
  110      26         51          6        169        377         90         25
  111      24         87          1        652        855         90         12
  112      35         69          1        448        627         90         11
  113      21         76          1         99        346         90         17
  114      30         72          1        448        559         90         11
  115      25         54          2         65        357         90         24
  116      45         72          1        825        935         90          2
  117      38         74          1        825       1100         90          2
  118      31         50          1        812        969         90         22
  119      37         70          1        534        623         90          9
  120      26         54          1        812       1050         90         22
  121      20         89          1        475        579         90         16
  122      22         84          1        567        833         90         14
  123      36         68          2        357        546         90         10
  124      36         73          1        448        752         90         11
