C102_125

25	125

VEHICLE
NUMBER     CAPACITY
  25         200

CLU NO.  XCOORD.   YCOORD.    DEMAND   READY TIME  DUE DATE   SERVICE   TIME
    0      40         50          0          0       1236          0   
    1      45         68         10          0       1127         90   
    2      45         70         30          0       1125         90   
    3      42         66         10          0       1129         90   
    4      42         68         10        727        782         90   
    5      42         65         10          0       1130         90   
    6      40         69         20        621        702         90   
    7      40         66         20          0       1130         90   
    8      38         68         20        255        324         90   
    9      38         70         10        534        605         90   
   10      35         66         10        357        410         90   
   11      35         69         10        448        505         90   
   12      25         85         20          0       1107         90   
   13      22         75         30         30         92         90   
   14      22         85         10        567        620         90   
   15      20         80         40        384        429         90   
   16      20         85         40        475        528         90   
   17      18         75         20         99        148         90   
   18      15         75         20        179        254         90   
   19      15         80         10        278        345         90   
   20      30         50         10         10         73         90   
   21      30         52         20          0       1135         90   
   22      28         52         20        812        883         90   
   23      28         55         10        732        777         90   
   24      25         50         10         65        144         90   
   25      25         52         40        169        224         90   
  
CUST NO.  XCOORD.   YCOORD.    DEMAND   READY TIME  DUE DATE   SERVICE TIME  CLUSTER
    0      45         69          3          0       1127         90          1
    1      48         69          7          0       1125         90          2
    2      40         67          6          0       1129         90          3
    3      43         63          4        727       1053         90          4
    4      43         60          1          0       1130         90          5
    5      34         70         13        621        939         90          6
    6      37         67         17          0       1130         90          7
    7      39         69          7        255        459         90          8
    8      42         72          5        534        656         90          9
    9      34         62          2        357        454         90         10
   10      31         67          6        448        620         90         11
   11      19         88          7          0       1107         90         12
   12      24         75         24         30        252         90         13
   13      20         86          6        567        729         90         14
   14      16         78         33        384        639         90         15
   15      18         88         32        475        645         90         16
   16      18         72         10         99        287         90         17
   17      15         72         14        179        299         90         18
   18      16         86          6        278        400         90         19
   19      28         47          1         10        272         90         20
   20      31         54          8          0       1135         90         21
   21      26         50          3        812        918         90         22
   22      29         55          3        732        889         90         23
   23      19         54          5         65        299         90         24
   24      22         49          8        169        282         90         25
   25      25         55          1        732        876         90         23
   26      46         69          5        727       1051         90          4
   27      40         69          1        534        765         90          9
   28      49         66          3          0       1127         90          1
   29      12         82          3        278        484         90         19
   30      22         79          3         99        329         90         17
   31      43         64          2          0       1130         90          5
   32      21         48          2         65        303         90         24
   33      25         56          2        732        897         90         23
   34      20         72          3         99        204         90         17
   35      21         84          1        384        641         90         15
   36      19         73          3         99        284         90         17
   37      21         89          1        567        853         90         14
   38      29         67          7        255        405         90          8
   39      34         69          1        534        762         90          9
   40      25         91          3        475        775         90         16
   41      28         47          2          0       1135         90         21
   42      23         85          1        475        711         90         16
   43      30         66          1        534        748         90          9
   44      23         80          1        475        712         90         16
   45      38         66          1          0       1130         90          7
   46      18         76          1        179        480         90         18
   47      21         79          4        384        523         90         15
   48      43         65          3          0       1130         90          5
   49      32         49          1         65        185         90         24
   50      23         52          1         65        347         90         24
   51      34         49          7          0       1135         90         21
   52      43         66          1          0       1130         90          7
   53      43         70          1          0       1130         90          5
   54      12         75          1        179        466         90         18
   55      21         79          1        179        338         90         18
   56      28         52          2        732        996         90         23
   57      25         46          4         10        221         90         20
   58      22         83          5          0       1107         90         12
   59      29         52         10        812        948         90         22
   60      44         63          2          0       1127         90          1
   61      29         48          1         65        183         90         24
   62      17         87          1        475        768         90         16
   63      38         69          1        534        630         90          9
   64      25         49          1         10        140         90         20
   65      20         85          1        567        846         90         14
   66      30         51          2        812       1099         90         22
   67      15         76          1         99        338         90         17
   68      44         71          4        621        892         90          6
   69      25         50          1        812       1057         90         22
   70      43         61          1          0       1130         90          5
   71      43         69         13          0       1125         90          2
   72      16         88          1        475        757         90         16
   73      42         67          1          0       1130         90          5
   74      26         53          1        812       1041         90         22
   75      15         75          1        278        499         90         19
   76      20         74          1        384        577         90         15
   77      19         83          1        475        653         90         16
   78      23         85          5          0       1107         90         12
   79      34         65          7        357        452         90         10
   80      26         82          1        567        707         90         14
   81      20         70          1        179        294         90         18
   82      46         73          7          0       1125         90          2
   83      46         70          3          0       1125         90          2
   84      17         79          1         30        310         90         13
   85      39         73          1        534        768         90          9
   86      25         51          2        732       1057         90         23
   87      20         78          1         30        290         90         13
   88      15         75          1        179        259         90         18
   89      38         66          2        255        408         90          8
   90      30         53          1         10        170         90         20
   91      25         55         32        169        420         90         25
   92      41         64          1          0       1130         90          5
   93      23         50          2        812        946         90         22
   94      28         50          1         10        213         90         20
   95      40         63          1          0       1130         90          7
   96      37         70          1        621        778         90          6
   97      39         66          1        255        426         90          8
   98      23         53          1          0       1135         90         21
   99      35         51          1          0       1135         90         21
  100      40         71          1        255        477         90          8
  101      42         68          1        727       1020         90          4
  102      30         80          1          0       1107         90         12
  103      21         83          1        384        680         90         15
  104      24         51          1        812        955         90         22
  105      34         66          1        357        655         90         10
  106      45         63          1          0       1129         90          3
  107      38         70          4        448        595         90         11
  108      23         75          2         30        124         90         13
  109      25         78          1          0       1107         90         12
  110      30         86          1          0       1107         90         12
  111      20         79          1        179        507         90         18
  112      44         63          1          0       1129         90          3
  113      30         52          1         10        228         90         20
  114      45         65          1          0       1129         90          3
  115      23         83          2         30        132         90         13
  116      22         82          1        567        683         90         14
  117      27         46          1         10        174         90         20
  118      36         68          1        621        864         90          6
  119      29         54          1          0       1135         90         21
  120      34         70          1        255        363         90          8
  121      46         65          1          0       1129         90          3
  122      36         63          1        255        584         90          8
  123      38         71          1        621        763         90          6
  124      46         64          2          0       1127         90          1
