C103_125

25	125

VEHICLE
NUMBER     CAPACITY
  25         200

CLU NO.  XCOORD.   YCOORD.    DEMAND    READY TIME  DUE DATE   SERVICE  TIME
    0      40         50          0          0       1236          0   
    1      45         68         10          0       1127         90   
    2      45         70         30          0       1125         90   
    3      42         66         10          0       1129         90   
    4      42         68         10        727        782         90   
    5      42         65         10          0       1130         90   
    6      40         69         20        621        702         90   
    7      40         66         20          0       1130         90   
    8      38         68         20        255        324         90   
    9      38         70         10        534        605         90   
   10      35         66         10        357        410         90   
   11      35         69         10        448        505         90   
   12      25         85         20          0       1107         90   
   13      22         75         30         30         92         90   
   14      22         85         10          0       1106         90   
   15      20         80         40        384        429         90   
   16      20         85         40          0       1105         90   
   17      18         75         20         99        148         90   
   18      15         75         20          0       1110         90   
   19      15         80         10          0       1106         90   
   20      30         50         10          0       1136         90   
   21      30         52         20          0       1135         90   
   22      28         52         20        812        883         90   
   23      28         55         10        732        777         90   
   24      25         50         10          0       1131         90   
   25      25         52         40        169        224         90   
 
CUST NO.  XCOORD.   YCOORD.    DEMAND   READY TIME  DUE DATE   SERVICE TIME  CLUSTER
    0      45         68          3          0       1127         90          1
    1      42         70         18          0       1125         90          2
    2      44         69          3          0       1129         90          3
    3      43         70          4        727        811         90          4
    4      44         68          2          0       1130         90          5
    5      39         77          3        621        833         90          6
    6      36         67          1          0       1130         90          7
    7      34         67         10        255        438         90          8
    8      39         69          2        534        793         90          9
    9      37         62          4        357        636         90         10
   10      29         68          4        448        699         90         11
   11      22         83          6          0       1107         90         12
   12      20         74         27         30        175         90         13
   13      18         88          6          0       1106         90         14
   14      21         74         30        384        601         90         15
   15      21         84         10          0       1105         90         16
   16      18         68          7         99        194         90         17
   17      21         78          3          0       1110         90         18
   18      12         81          5          0       1106         90         19
   19      25         47          3          0       1136         90         20
   20      29         53         15          0       1135         90         21
   21      28         50         10        812        957         90         22
   22      28         57          1        732        874         90         23
   23      27         51          6          0       1131         90         24
   24      26         57          7        169        426         90         25
   25      32         73          3        448        752         90         11
   26      45         63          6        727        904         90          4
   27      26         51         18        169        236         90         25
   28      17         78          1        384        481         90         15
   29      28         55          2        812        948         90         22
   30      20         92         12          0       1105         90         16
   31      33         42          2          0       1136         90         20
   32      29         57          2        732        813         90         23
   33      21         73          8         99        390         90         17
   34      22         86          1          0       1106         90         14
   35      38         67          2        255        416         90          8
   36      29         55         11        169        344         90         25
   37      41         65          2          0       1127         90          1
   38      48         63          5          0       1130         90          5
   39      35         64          3          0       1130         90          7
   40      36         69          1        448        722         90         11
   41      41         63          3          0       1129         90          3
   42      30         50          1          0       1136         90         20
   43      32         54          4        812       1076         90         22
   44      42         70          1          0       1127         90          1
   45      24         56          3        732        906         90         23
   46      28         52          1        812        988         90         22
   47      22         53          1          0       1131         90         24
   48      42         63          1          0       1127         90          1
   49      20         81          2         99        386         90         17
   50      27         49          1          0       1131         90         24
   51      39         72          1        255        486         90          8
   52      30         49          1        812       1021         90         22
   53      42         65          2          0       1130         90          5
   54      25         83          3          0       1107         90         12
   55      43         60          6          0       1130         90          7
   56      38         66         12        621        928         90          6
   57      24         89          7          0       1107         90         12
   58      47         71          1          0       1127         90          1
   59      39         74          3        621        885         90          6
   60      39         66          2        255        533         90          8
   61      21         83          5        384        521         90         15
   62      46         71          4          0       1125         90          2
   63      30         63          2        357        546         90         10
   64      42         64          1        621        942         90          6
   65      26         56          1        732       1003         90         23
   66      29         63          1        448        770         90         11
   67      27         79          1          0       1107         90         12
   68      35         65          3        534        821         90          9
   69      20         83          2        384        552         90         15
   70      29         48          1        812        898         90         22
   71      28         59          1        812        993         90         22
   72      45         66          1          0       1129         90          3
   73      33         43          1          0       1136         90         20
   74      35         70          4        534        680         90          9
   75      30         57          1        732       1006         90         23
   76      25         83          2          0       1106         90         14
   77      41         73          2        255        377         90          8
   78      18         74          1         99        351         90         17
   79      42         68          1          0       1130         90          5
   80      23         69          1         30        173         90         13
   81      27         52          1        169        309         90         25
   82      43         72          3          0       1125         90          2
   83      41         69          1        255        488         90          8
   84      21         54          1        169        393         90         25
   85      12         72         12          0       1110         90         18
   86      22         84          2          0       1105         90         16
   87      43         70          2          0       1125         90          2
   88      36         71          1          0       1125         90          2
   89      15         78          1        384        531         90         15
   90      24         55          1        732        952         90         23
   91      29         52          2          0       1135         90         21
   92      47         73          1          0       1125         90          2
   93      21         75          1         30        262         90         13
   94      42         59          1          0       1129         90          3
   95      31         52          2          0       1131         90         24
   96      40         74          2        255        568         90          8
   97      32         68          1        448        721         90         11
   98      34         69          3          0       1130         90          7
   99      28         49          1          0       1135         90         21
  100      39         65          1          0       1125         90          2
  101      23         47          1          0       1136         90         20
  102      19         80          1        384        450         90         15
  103      15         79         11          0       1105         90         16
  104      28         50          1        169        349         90         25
  105      48         67          1          0       1127         90          1
  106      25         83          1          0       1106         90         14
  107      24         73          1         30        119         90         13
  108      39         67          1        621        877         90          6
  109      33         72          1        534        690         90          9
  110      24         53          2          0       1135         90         21
  111      27         83          3          0       1107         90         12
  112      26         56          1        732        878         90         23
  113      39         69          1          0       1127         90          1
  114      28         54          1          0       1136         90         20
  115      37         61          4        357        499         90         10
  116      21         51          1        169        345         90         25
  117      14         77          5          0       1106         90         19
  118      16         75          1         99        242         90         17
  119      13         75          1         99        267         90         17
  120      41         64          2          0       1129         90          3
  121      32         43          1          0       1136         90         20
  122      19         79          5          0       1105         90         16
  123      10         77          5          0       1110         90         18
  124      39         69          7          0       1130         90          7
