C104_125

25	125

VEHICLE
NUMBER     CAPACITY
  25         200

CLU NO.   XCOORD.  YCOORD.    DEMAND    READY TIME  DUE DATE  SERVICE   TIME
    0      40         50          0          0       1236          0   
    1      45         68         10          0       1127         90   
    2      45         70         30          0       1125         90   
    3      42         66         10          0       1129         90   
    4      42         68         10        727        782         90   
    5      42         65         10          0       1130         90   
    6      40         69         20          0       1127         90   
    7      40         66         20          0       1130         90   
    8      38         68         20        255        324         90   
    9      38         70         10        534        605         90   
   10      35         66         10          0       1129         90   
   11      35         69         10        448        505         90   
   12      25         85         20          0       1107         90   
   13      22         75         30         30         92         90   
   14      22         85         10          0       1106         90   
   15      20         80         40        384        429         90   
   16      20         85         40          0       1105         90   
   17      18         75         20          0       1112         90   
   18      15         75         20          0       1110         90   
   19      15         80         10          0       1106         90   
   20      30         50         10          0       1136         90   
   21      30         52         20          0       1135         90   
   22      28         52         20          0       1133         90   
   23      28         55         10        732        777         90   
   24      25         50         10          0       1131         90   
   25      25         52         40        169        224         90   
  
CUST NO.  XCOORD.   YCOORD.    DEMAND   READY TIME  DUE DATE   SERVICE TIME  CLUSTER
    0      40         64          2          0       1127         90          1
    1      42         66         24          0       1125         90          2
    2      39         66          1          0       1129         90          3
    3      44         65          3        727        829         90          4
    4      38         68          5          0       1130         90          5
    5      39         73          2          0       1127         90          6
    6      38         66          3          0       1130         90          7
    7      37         68          2        255        489         90          8
    8      38         66          5        534        706         90          9
    9      35         68          2          0       1129         90         10
   10      36         69          8        448        535         90         11
   11      21         86          5          0       1107         90         12
   12      26         73         12         30        315         90         13
   13      22         83          4          0       1106         90         14
   14      29         81         14        384        674         90         15
   15      17         88          1          0       1105         90         16
   16      17         76          9          0       1112         90         17
   17      17         72          6          0       1110         90         18
   18      16         79          2          0       1106         90         19
   19      30         55          8          0       1136         90         20
   20      30         50         10          0       1135         90         21
   21      31         48         14          0       1133         90         22
   22      26         58          2        732        835         90         23
   23      20         45          6          0       1131         90         24
   24      26         52         31        169        242         90         25
   25      45         69          2        727        828         90          4
   26      34         56          3          0       1133         90         22
   27      12         70          5          0       1112         90         17
   28      20         82          2        384        530         90         15
   29      20         88         34          0       1105         90         16
   30      22         67          6         30        281         90         13
   31      43         68          2          0       1127         90          1
   32      29         47          1          0       1136         90         20
   33      16         73         14        384        684         90         15
   34      38         67          1        534        627         90          9
   35      31         63          1        448        712         90         11
   36      17         79          3          0       1106         90         19
   37      22         82          3        384        634         90         15
   38      41         72          1        727        866         90          4
   39      19         84          3          0       1106         90         14
   40      41         65          2          0       1127         90          1
   41      34         64          9          0       1130         90          7
   42      14         75          1          0       1112         90         17
   43      37         68          1        534        711         90          9
   44      38         71          2          0       1125         90          2
   45      39         66          1          0       1129         90         10
   46      36         64          8          0       1127         90          6
   47      28         53          2        732        813         90         23
   48      47         66          1        727        815         90          4
   49      15         76          8          0       1110         90         18
   50      38         65          2        255        349         90          8
   51      19         72          2          0       1110         90         18
   52      44         67          1        727        857         90          4
   53      14         77          2          0       1112         90         17
   54      22         55          3        169        355         90         25
   55      38         58          3          0       1129         90         10
   56      38         67          5          0       1129         90          3
   57      47         70          2          0       1125         90          2
   58      46         70          1          0       1127         90          1
   59      41         67          1        727        972         90          4
   60      44         72          1          0       1127         90          1
   61      30         52          2        732        924         90         23
   62      31         69         16        255        450         90          8
   63      14         77          1          0       1112         90         17
   64      23         42          1          0       1131         90         24
   65      20         86          2          0       1105         90         16
   66      39         69          1        534        735         90          9
   67      49         67          1          0       1127         90          1
   68      47         64          1          0       1127         90          1
   69      22         76          4         30        159         90         13
   70      40         65          2          0       1130         90          7
   71      45         63          1        727       1001         90          4
   72      21         87          1          0       1105         90         16
   73      19         78          1          0       1112         90         17
   74      16         72          4          0       1110         90         18
   75      26         52          1        169        405         90         25
   76      40         65          1          0       1129         90          3
   77      13         78          1          0       1106         90         19
   78      43         63          1          0       1130         90          5
   79      30         52          6          0       1135         90         21
   80      20         79          7         30        223         90         13
   81      20         75          1         30        241         90         13
   82      27         52          1          0       1131         90         24
   83      40         68          1          0       1129         90          3
   84      41         67         10          0       1127         90          6
   85      38         67          1          0       1130         90          5
   86      24         51          2        169        254         90         25
   87      28         52          1          0       1135         90         21
   88      13         79          1          0       1106         90         19
   89      16         45          2          0       1131         90         24
   90      15         86          1          0       1105         90         16
   91      19         77          1          0       1112         90         17
   92      41         71          1          0       1130         90          7
   93      27         54          4        732        914         90         23
   94      26         52          1          0       1135         90         21
   95      41         62          2          0       1130         90          7
   96      24         53          2        169        382         90         25
   97      15         82          2          0       1106         90         19
   98      17         82          2          0       1106         90         14
   99      37         53          1          0       1135         90         21
  100      28         47          1          0       1136         90         20
  101      23         83          1          0       1105         90         16
  102      39         60          1          0       1129         90          3
  103      32         68          1          0       1129         90         10
  104      41         63          2          0       1130         90          7
  105      45         66          1          0       1129         90          3
  106      35         67          1        448        738         90         11
  107      42         63          1          0       1130         90          5
  108      39         70          1        534        662         90          9
  109      26         48          1        169        413         90         25
  110      33         63          1          0       1129         90         10
  111      41         70          1        534        737         90          9
  112      26         51          2          0       1133         90         22
  113      25         46          1          0       1135         90         21
  114      30         56          1          0       1133         90         22
  115      37         64          2          0       1130         90          5
  116      37         65          1          0       1130         90          7
  117      35         67          1          0       1129         90         10
  118      24         87         15          0       1107         90         12
  119      13         82          7        384        666         90         15
  120      20         79          1          0       1106         90         19
  121      36         64          1          0       1129         90         10
  122      22         80          1          0       1106         90         14
  123      41         74          1          0       1125         90          2
  124      44         66          1          0       1125         90          2
