C101_15_85

15	85

VEHICLE
NUMBER     CAPACITY
  25         200

CLU NO.  XCOORD.   YCOORD.    DEMAND   READY TIME  DUE DATE   SERVICE   TIME
    0      40         50          0          0       1236          0   
    1      45         68         10        912        967         90   
    2      45         70         30        825        870         90   
    3      42         66         10         65        146         90   
    4      42         68         10        727        782         90   
    5      42         65         10         15         67         90   
    6      40         69         20        621        702         90   
    7      40         66         20        170        225         90   
    8      38         68         20        255        324         90   
    9      38         70         10        534        605         90   
   10      35         66         10        357        410         90   
   11      35         69         10        448        505         90   
   12      25         85         20        652        721         90   
   13      22         75         30         30         92         90   
   14      22         85         10        567        620         90   
   15      20         80         40        384        429         90   
  
CUST NO.  XCOORD.   YCOORD.    DEMAND   READY TIME  DUE DATE   SERVICE TIME  CLUSTER
    0      37         69          3        912       1218         90          1
    1      42         71         20        825        947         90          2
    2      36         63          5         65        285         90          3
    3      46         65          3        727        814         90          4
    4      43         66          4         15        314         90          5
    5      40         70         13        621        788         90          6
    6      41         62         12        170        288         90          7
    7      36         70         12        255        471         90          8
    8      33         71          5        534        833         90          9
    9      35         70          4        357        548         90         10
   10      39         70          1        448        588         90         11
   11      27         86          8        652        959         90         12
   12      19         74         23         30        123         90         13
   13      23         84          5        567        821         90         14
   14      20         77         22        384        571         90         15
   15      45         64          2        170        452         90          7
   16      38         71          2        255        449         90          8
   17      19         72          2         30        340         90         13
   18      36         66          1        448        631         90         11
   19      44         65          1        621        753         90          6
   20      22         72          1         30        171         90         13
   21      42         64          1        170        459         90          7
   22      23         76          3        384        635         90         15
   23      35         71          3        448        701         90         11
   24      47         67          5        912       1143         90          1
   25      41         69          5        825       1107         90          2
   26      19         79          2        567        706         90         14
   27      42         62          1         65        282         90          3
   28      23         84          2        652        907         90         12
   29      37         65          1        170        396         90          7
   30      47         66          6         15        123         90          5
   31      44         63          2        912       1043         90          1
   32      45         73          1        825       1044         90          2
   33      36         65          3        357        584         90         10
   34      42         74          2        621        718         90          6
   35      24         74          1         30        339         90         13
   36      37         67          1        621        789         90          6
   37      43         64          1         65        171         90          3
   38      38         73          1        534        731         90          9
   39      19         71          1         30        153         90         13
   40      19         70          1         30        189         90         13
   41      18         77          5        384        576         90         15
   42      46         66          2        727        875         90          4
   43      43         72          1        825        973         90          2
   44      36         66          1        255        521         90          8
   45      18         78          4        384        592         90         15
   46      45         68          1         65        190         90          3
   47      24         86          7        652        775         90         12
   48      41         68          1        621        840         90          6
   49      40         68          1        534        642         90          9
   50      29         87          1        652        873         90         12
   51      20         81          5        384        671         90         15
   52      32         67          1        534        673         90          9
   53      16         82          2        652        885         90         12
   54      19         77          1        384        571         90         15
   55      37         69          1        534        790         90          9
   56      29         70          1        448        658         90         11
   57      48         72          1        825       1140         90          2
   58      34         66          1        357        607         90         10
   59      25         76          1         30        247         90         13
   60      40         60          2        170        429         90          7
   61      40         63          1        170        269         90          7
   62      18         86          1        567        812         90         14
   63      23         83          1        567        799         90         14
   64      40         68          1         65        316         90          3
   65      36         66          1        255        538         90          8
   66      41         70          2        727        883         90          4
   67      35         65          1        534        812         90          9
   68      39         72          2        727        909         90          4
   69      32         69          2        448        726         90         11
   70      32         76          2        255        515         90          8
   71      45         65          1         65        351         90          3
   72      38         70          1        448        665         90         11
   73      33         67          1        448        638         90         11
   74      35         74          1        621        755         90          6
   75      33         65          1        357        494         90         10
   76      17         87          1        567        777         90         14
   77      44         63          1        727        879         90          4
   78      41         62          1        621        934         90          6
   79      45         71          1        825       1128         90          2
   80      36         67          1        255        476         90          8
   81      36         70          1        357        478         90         10
   82      41         71          1        255        377         90          8
   83      44         71          1        170        381         90          7
   84      45         66          1        825        956         90          2
