C102_15_85

15	85

VEHICLE
NUMBER     CAPACITY
  25         200

CLU NO.  XCOORD.   YCOORD.    DEMAND   READY TIME  DUE DATE   SERVICE   TIME
    0      40         50          0          0       1236          0   
    1      45         68         10          0       1127         90   
    2      45         70         30          0       1125         90   
    3      42         66         10          0       1129         90   
    4      42         68         10        727        782         90   
    5      42         65         10          0       1130         90   
    6      40         69         20        621        702         90   
    7      40         66         20          0       1130         90   
    8      38         68         20        255        324         90   
    9      38         70         10        534        605         90   
   10      35         66         10        357        410         90   
   11      35         69         10        448        505         90   
   12      25         85         20          0       1107         90   
   13      22         75         30         30         92         90   
   14      22         85         10        567        620         90   
   15      20         80         40        384        429         90   
  
CUST NO.  XCOORD.   YCOORD.    DEMAND   READY TIME  DUE DATE   SERVICE TIME  CLUSTER
    0      41         64          3          0       1127         90          1
    1      45         67         23          0       1125         90          2
    2      42         66          4          0       1129         90          3
    3      40         71          3        727        807         90          4
    4      39         64          7          0       1130         90          5
    5      40         65          7        621        743         90          6
    6      40         67          7          0       1130         90          7
    7      35         70          2        255        472         90          8
    8      35         66          4        534        839         90          9
    9      34         64          1        357        557         90         10
   10      36         72          1        448        584         90         11
   11      26         84          8          0       1107         90         12
   12      21         77         20         30        118         90         13
   13      23         80          4        567        780         90         14
   14      20         79         13        384        545         90         15
   15      26         86          1        567        694         90         14
   16      19         87          2        567        802         90         14
   17      42         66          3        727       1029         90          4
   18      31         66          3        357        601         90         10
   19      40         70          1          0       1129         90          3
   20      41         66          1          0       1125         90          2
   21      44         66          1          0       1127         90          1
   22      42         63          1          0       1129         90          3
   23      41         63          2          0       1130         90          5
   24      42         66          5        621        778         90          6
   25      37         63          5          0       1130         90          7
   26      39         64          1        727        988         90          4
   27      25         80          1         30        223         90         13
   28      32         67          4        448        669         90         11
   29      34         72          5        255        512         90          8
   30      40         68          1        727        898         90          4
   31      38         72          1        534        651         90          9
   32      32         65          1        357        464         90         10
   33      36         65          1          0       1130         90          7
   34      22         84          1        567        813         90         14
   35      36         71          9        255        474         90          8
   36      41         64          1          0       1129         90          3
   37      37         71          1        621        749         90          6
   38      46         69          1        727        865         90          4
   39      25         74          3         30        322         90         13
   40      37         69          1        448        544         90         11
   41      19         75          1         30        338         90         13
   42      36         67          1        534        842         90          9
   43      38         74          1        534        645         90          9
   44      31         66          2        357        643         90         10
   45      42         60          1          0       1129         90          3
   46      15         82          1        384        682         90         15
   47      40         71          2        621        837         90          6
   48      33         70          1        448        755         90         11
   49      36         65          1        255        533         90          8
   50      41         68          2          0       1125         90          2
   51      46         68          3          0       1127         90          1
   52      49         75          1          0       1125         90          2
   53      34         70          1        448        644         90         11
   54      41         69          1        727        878         90          4
   55      23         75          1        567        873         90         14
   56      39         59          1          0       1130         90          5
   57      20         72          3         30        155         90         13
   58      31         65          1        357        458         90         10
   59      24         74          1         30        272         90         13
   60      38         67          1          0       1129         90          3
   61      31         82         11          0       1107         90         12
   62      20         77          1         30        329         90         13
   63      31         67          1        448        599         90         11
   64      47         64          1          0       1127         90          1
   65      32         68          1        357        476         90         10
   66      39         64          3          0       1130         90          7
   67      40         69          1        534        844         90          9
   68      23         83          1          0       1107         90         12
   69      37         70          1        255        364         90          8
   70      36         63          1        255        412         90          8
   71      44         70          1          0       1129         90          3
   72      44         71          3          0       1125         90          2
   73      45         65          2          0       1127         90          1
   74      44         67          1        534        729         90          9
   75      32         62          1        357        458         90         10
   76      35         69          1        534        669         90          9
   77      21         78         21        384        587         90         15
   78      31         64          1        448        739         90         11
   79      39         70          1        255        488         90          8
   80      45         58          1          0       1130         90          7
   81      19         73          5        384        659         90         15
   82      40         73          5        621        804         90          6
   83      21         81          1        567        792         90         14
   84      41         61          3          0       1130         90          7
