C103_15_85

15	85

VEHICLE
NUMBER     CAPACITY
  25         200

CLU NO.  XCOORD.   YCOORD.    DEMAND    READY TIME  DUE DATE   SERVICE  TIME
    0      40         50          0          0       1236          0   
    1      45         68         10          0       1127         90   
    2      45         70         30          0       1125         90   
    3      42         66         10          0       1129         90   
    4      42         68         10        727        782         90   
    5      42         65         10          0       1130         90   
    6      40         69         20        621        702         90   
    7      40         66         20          0       1130         90   
    8      38         68         20        255        324         90   
    9      38         70         10        534        605         90   
   10      35         66         10        357        410         90   
   11      35         69         10        448        505         90   
   12      25         85         20          0       1107         90   
   13      22         75         30         30         92         90   
   14      22         85         10          0       1106         90   
   15      20         80         40        384        429         90   
 
CUST NO.  XCOORD.   YCOORD.    DEMAND   READY TIME  DUE DATE   SERVICE TIME  CLUSTER
    0      38         60          3          0       1127         90          1
    1      46         70         12          0       1125         90          2
    2      47         64          1          0       1129         90          3
    3      43         66          2        727       1003         90          4
    4      38         63          5          0       1130         90          5
    5      42         71         10        621        745         90          6
    6      33         64         13          0       1130         90          7
    7      33         64          5        255        578         90          8
    8      34         69          1        534        792         90          9
    9      37         68          3        357        482         90         10
   10      36         69          1        448        644         90         11
   11      27         81         14          0       1107         90         12
   12      22         77         15         30        122         90         13
   13      24         84          5          0       1106         90         14
   14      19         75         35        384        514         90         15
   15      25         84          1          0       1106         90         14
   16      44         70          2          0       1127         90          1
   17      21         84          1          0       1107         90         12
   18      38         64          5        255        485         90          8
   19      40         66          1          0       1127         90          1
   20      40         71          1          0       1127         90          1
   21      38         64          2        357        536         90         10
   22      21         85          1          0       1107         90         12
   23      35         67          3        448        756         90         11
   24      42         68          5        621        905         90          6
   25      24         90          1          0       1107         90         12
   26      42         63          1          0       1130         90          5
   27      33         72          1        448        636         90         11
   28      28         87          1          0       1107         90         12
   29      19         81          2          0       1106         90         14
   30      42         67          1        621        933         90          6
   31      39         69          2          0       1129         90          3
   32      20         76          5         30        127         90         13
   33      43         67          2          0       1130         90          5
   34      41         67          3        534        706         90          9
   35      47         70          3          0       1125         90          2
   36      36         66          2        448        724         90         11
   37      43         61          2          0       1130         90          7
   38      41         62          2          0       1129         90          3
   39      38         62          1          0       1129         90          3
   40      39         71          1        534        750         90          9
   41      42         68          1        448        571         90         11
   42      41         64          1          0       1129         90          3
   43      39         68         12          0       1125         90          2
   44      39         73          4        255        377         90          8
   45      46         68          1          0       1129         90          3
   46      39         72          1        621        731         90          6
   47      41         70          3          0       1130         90          7
   48      29         66          1        448        621         90         11
   49      39         68          1        534        621         90          9
   50      18         79          3        384        589         90         15
   51      29         62          1        448        609         90         11
   52      43         64          4        727        838         90          4
   53      44         68          2          0       1125         90          2
   54      39         66          1          0       1130         90          5
   55      45         64          1          0       1127         90          1
   56      37         66          1        621        806         90          6
   57      42         69          1          0       1125         90          2
   58      42         69          2          0       1129         90          3
   59      17         79          1        384        570         90         15
   60      32         86          1          0       1107         90         12
   61      49         74          1          0       1127         90          1
   62      37         68          2        621        728         90          6
   63      42         65          1        727        936         90          4
   64      22         82          1          0       1107         90         12
   65      20         78          1        384        512         90         15
   66      22         81          1          0       1106         90         14
   67      42         70          1        727        897         90          4
   68      34         73          2        534        622         90          9
   69      47         66          1        727       1050         90          4
   70      41         70          4        255        390         90          8
   71      43         75          1        727        841         90          4
   72      32         64          2        357        606         90         10
   73      40         61          1          0       1130         90          5
   74      36         67          1        255        442         90          8
   75      20         87          1          0       1106         90         14
   76      36         62          2          0       1130         90          7
   77      37         70          3        357        494         90         10
   78      21         73          5         30        303         90         13
   79      33         67          1        534        797         90          9
   80      34         70          1        534        714         90          9
   81      40         67          1        255        517         90          8
   82      19         76          2         30        152         90         13
   83      54         73          1          0       1127         90          1
   84      22         76          3         30        271         90         13
