C104_15_85

15	85

VEHICLE
NUMBER     CAPACITY
  25         200

CLU NO.   XCOORD.  YCOORD.    DEMAND    READY TIME  DUE DATE  SERVICE   TIME
    0      40         50          0          0       1236          0   
    1      45         68         10          0       1127         90   
    2      45         70         30          0       1125         90   
    3      42         66         10          0       1129         90   
    4      42         68         10        727        782         90   
    5      42         65         10          0       1130         90   
    6      40         69         20          0       1127         90   
    7      40         66         20          0       1130         90   
    8      38         68         20        255        324         90   
    9      38         70         10        534        605         90   
   10      35         66         10          0       1129         90   
   11      35         69         10        448        505         90   
   12      25         85         20          0       1107         90   
   13      22         75         30         30         92         90   
   14      22         85         10          0       1106         90   
   15      20         80         40        384        429         90   
  
CUST NO.  XCOORD.   YCOORD.    DEMAND   READY TIME  DUE DATE   SERVICE TIME  CLUSTER
    0      44         70          1          0       1127         90          1
    1      43         67         12          0       1125         90          2
    2      40         69          7          0       1129         90          3
    3      40         69          1        727        814         90          4
    4      38         63          4          0       1130         90          5
    5      41         68          1          0       1127         90          6
    6      40         64          8          0       1130         90          7
    7      42         68         10        255        376         90          8
    8      44         70          5        534        806         90          9
    9      31         63          2          0       1129         90         10
   10      33         66          5        448        604         90         11
   11      24         88          4          0       1107         90         12
   12      24         74          3         30        132         90         13
   13      18         85          3          0       1106         90         14
   14      17         79         14        384        595         90         15
   15      38         69          2        255        455         90          8
   16      35         63          2          0       1129         90         10
   17      23         89          1          0       1106         90         14
   18      43         71          5          0       1127         90          1
   19      46         76         12          0       1125         90          2
   20      18         91          3          0       1106         90         14
   21      36         64          1          0       1130         90          5
   22      39         66          1          0       1130         90          5
   23      39         66          8          0       1130         90          7
   24      19         87         15        384        603         90         15
   25      33         65          1        448        683         90         11
   26      19         81         17         30        311         90         13
   27      43         70          2        727        832         90          4
   28      27         82         13          0       1107         90         12
   29      44         65          1          0       1127         90          1
   30      42         64          1          0       1127         90          1
   31      45         68          2          0       1125         90          2
   32      47         66          1        727        869         90          4
   33      20         86          1          0       1106         90         14
   34      35         72          1        448        640         90         11
   35      40         69          1        727        887         90          4
   36      20         73          7         30        120         90         13
   37      40         68          1          0       1130         90          5
   38      35         68          4        255        367         90          8
   39      27         83          1          0       1107         90         12
   40      41         70         17          0       1127         90          6
   41      42         68          1          0       1130         90          7
   42      45         68          1          0       1125         90          2
   43      35         72          1        255        575         90          8
   44      45         71          1          0       1125         90          2
   45      35         72          1        448        687         90         11
   46      40         68          1          0       1130         90          7
   47      40         74          1        255        381         90          8
   48      41         74          1        534        833         90          9
   49      44         64          1          0       1129         90          3
   50      45         67          1          0       1125         90          2
   51      44         65          1          0       1130         90          7
   52      40         72          1          0       1125         90          2
   53      38         67          1          0       1130         90          7
   54      38         69          1        255        493         90          8
   55      45         70          1          0       1127         90          1
   56      36         63          2        534        762         90          9
   57      21         82          1        384        653         90         15
   58      23         81          2        384        548         90         15
   59      23         75          1         30        118         90         13
   60      14         82          6        384        537         90         15
   61      39         67          2          0       1130         90          5
   62      36         64          1          0       1130         90          5
   63      24         84          1          0       1106         90         14
   64      21         88          1          0       1107         90         12
   65      17         69          1         30        300         90         13
   66      39         65          1          0       1129         90          3
   67      33         65          2          0       1129         90         10
   68      44         66          3        727        925         90          4
   69      36         69          1        448        523         90         11
   70      37         72          1        727       1027         90          4
   71      41         66          1          0       1129         90          3
   72      22         83          2        384        573         90         15
   73      48         69          1          0       1127         90          1
   74      40         69          1        255        351         90          8
   75      37         66          1        727        863         90          4
   76      33         69          1        448        670         90         11
   77      40         69          1          0       1127         90          6
   78      39         69          1        534        772         90          9
   79      23         78          1          0       1107         90         12
   80      36         59          4          0       1129         90         10
   81      44         64          1        534        643         90          9
   82      21         76          1         30        225         90         13
   83      26         84          1          0       1106         90         14
   84      39         69          1          0       1127         90          6
