C102_10_40

10	40

VEHICLE
NUMBER     CAPACITY
  25         200

CUSTOMER
CUST NO.  XCOORD.   YCOORD.    DEMAND   READY TIME  DUE DATE   SERVICE   TIME
 
    0      40         50          0          0       1236          0   
    1      45         68         10          0       1127         90   
    2      45         70         30          0       1125         90   
    3      42         66         10          0       1129         90   
    4      42         68         10        727        782         90   
    5      42         65         10          0       1130         90   
    6      40         69         20        621        702         90   
    7      40         66         20          0       1130         90   
    8      38         68         20        255        324         90   
    9      38         70         10        534        605         90   
   10      35         66         10        357        410         90   

CUST NO.  XCOORD.   YCOORD.    DEMAND   READY TIME  DUE DATE   SERVICE TIME  CLUSTER
    0      41         80          6          0       1127         30          1
    1      49         80         11          0       1125         15          2
    2      50         74          3          0       1129         22          3
    3      30         66          5        913        972         45          4
    4      36         66          4          0       1130         22          5
    5      34         76          2        704        777         30          6
    6      35         55          4          0       1130         15          7
    7      33         71         13        346        420         30          8
    8      35         67          4        674        748         18          9
    9      34         74          7        561        628         22         10
   10      43         67          5        858        904         45          4
   11      32         70          3        627        707         18          9
   12      47         60          1          0       1130         22          5
   13      25         67          1          0       1129         22          3
   14      41         68          1        750        827         30          6
   15      58         66          9          0       1125         15          2
   16      31         65          3          0       1125         15          2
   17      44         75          3          0       1127         30          1
   18      39         58          1        761        814         18          9
   19      50         67          2          0       1125         15          2
   20      55         67          2          0       1125         15          2
   21      36         57          2          0       1130         22          5
   22      45         68          1          0       1129         22          3
   23      53         46          1          0       1127         30          1
   24      38         59          9          0       1130         15          7
   25      48         84          3          0       1125         15          2
   26      29         65          1        494        551         22         10
   27      44         63          5        484        555         30          8
   28      42         60          5          0       1129         22          3
   29      37         75          2        258        332         30          8
   30      39         57          2          0       1130         15          7
   31      36         74          1        736        800         18          9
   32      35         59          1        736        798         18          9
   33      48         74          3          0       1130         22          5
   34      32         72          3          0       1130         15          7
   35      33         60          1        484        535         22         10
   36      46         65         17        702        785         30          6
   37      40         64          1          0       1130         15          7
   38      37         64          1        437        506         22         10
   39      44         65          1          0       1130         15          7
