C102_10_40

9	40

VEHICLE
NUMBER     CAPACITY
  25         200

CUSTOMER
CUST NO.  XCOORD.   YCOORD.    DEMAND   READY TIME  DUE DATE   SERVICE   TIME
 
    0      40         50          0          0       1236          0
    1      45         68         12          0       1127         90
    2      45         70         16          0       1125         90
    3      42         68         10        727        782         90
    4      42         65         33          0       1130         90
    5      40         69         20        621        702         90
    6      40         66         19          0       1130         90
    7      38         68         20        255        324         90
    8      38         70         10        534        605         90
    9      35         66         10        357        410         90

CUST NO.  XCOORD.   YCOORD.    DEMAND   READY TIME  DUE DATE   SERVICE TIME  CLUSTER
    0      47         64          1          0       1127         45          1
    1      45         76          8          0       1125         15          2
    2      49         74          3          0       1129         22          2
    3      38         57          2        823        845         45          3
    4      42         61          2          0       1130         45          4
    5      37         68          4        648        720         15          5
    6      36         71          5          0       1130         30          6
    7      31         59         11        312        392         18          7
    8      39         73          5        678        742         15          8
    9      40         62          2        596        641         22          9
   10      41         65         11          0       1125         15          4
   11      51         74          7        723        800         15          5
   12      46         64          8        805        870         45          3
   13      48         73          3          0       1129         22          2
   14      38         65          1        545        613         15          8
   15      44         65          1          0       1125         15          4
   16      42         61         12          0       1130         30          4
   17      29         72          4        715        799         15          5
   18      47         75          1          0       1129         22          2
   19      48         81          1          0       1125         15          2
   20      38         72          3          0       1129         22          6
   21      27         64          1        741        824         15          8
   22      34         61          1        539        596         22          9
   23      38         63          1        627        698         15          8
   24      31         69          1        698        784         15          8
   25      32         76          1        745        826         15          8
   26      39         66          4        443        512         18          7
   27      31         67          1        460        512         22          9
   28      35         64          6        598        651         22          9
   29      42         61          3        739        816         15          5
   30      36         62          1        441        523         18          7
   31      37         58          1        698        788         15          5
   32      40         68          3          0       1130         30          6
   33      37         61          1        453        528         18          7
   34      46         66          2          0       1125         15          1
   35      42         60          3        326        396         18          7
   36      38         66          1        773        845         15          5
   37      51         53          7          0       1125         15          4
   38      32         60          8          0       1130         45          6
   39      46         64          9          0       1127         45          1
