C102_10_40

10	40

VEHICLE
NUMBER     CAPACITY
  25         200

CUSTOMER
CUST NO.  XCOORD.   YCOORD.    DEMAND   READY TIME  DUE DATE   SERVICE   TIME
 
    0      40         50          0          0       1236          0   
    1      45         68         10          0       1127         90   
    2      45         70         30          0       1125         90   
    3      42         66         10          0       1129         90   
    4      42         68         10        727        782         90   
    5      42         65         10          0       1130         90   
    6      40         69         20        621        702         90   
    7      40         66         20          0       1130         90   
    8      38         68         20        255        324         90   
    9      38         70         10        534        605         90   
   10      35         66         10        357        410         90   
  
CUST NO.  XCOORD.   YCOORD.    DEMAND   READY TIME  DUE DATE   SERVICE TIME  CLUSTER
    0      43         68          7          0       1127         90          1
    1      42         74         19          0       1125         90          2
    2      44         63          5          0       1129         90          3
    3      41         66          7        727        922         90          4
    4      43         65          1          0       1130         90          5
    5      41         66          7        621        837         90          6
    6      35         67         15          0       1130         90          7
    7      35         66          4        255        429         90          8
    8      39         71          1        534        807         90          9
    9      34         67          6        357        599         90         10
   10      45         69          1        727        846         90          4
   11      40         61          2          0       1130         90          7
   12      43         71          6        621        934         90          6
   13      41         68          2          0       1130         90          7
   14      47         70          1        727        890         90          4
   15      40         65          2          0       1125         90          2
   16      45         70          7          0       1125         90          2
   17      43         65          1          0       1129         90          3
   18      46         72          3          0       1127         90          1
   19      36         67          1          0       1129         90          3
   20      44         70          1          0       1129         90          3
   21      41         70          4        534        867         90          9
   22      41         63          1          0       1130         90          5
   23      41         66          2          0       1130         90          5
   24      35         73         14        255        556         90          8
   25      32         64          1          0       1130         90          7
   26      46         64          1          0       1129         90          3
   27      40         64          2          0       1130         90          5
   28      35         63          4        357        444         90         10
   29      35         72          3        534        727         90          9
   30      38         69          1        534        609         90          9
   31      40         66          6        621        932         90          6
   32      43         62          1        727        902         90          4
   33      41         64          1          0       1130         90          5
   34      42         64          3          0       1130         90          5
   35      35         63          1        534        868         90          9
   36      45         68          2          0       1125         90          2
   37      47         68          1          0       1129         90          3
   38      41         65          1        621        727         90          6
   39      42         69          2        255        534         90          8
