C103_10_40

10	40

VEHICLE
NUMBER     CAPACITY
  25         200

CUSTOMER
CUST NO.  XCOORD.   YCOORD.    DEMAND    READY TIME  DUE DATE   SERVICE  TIME
 
    0      40         50          0          0       1236          0
    1      45         68          2          0       1127         90
    2      45         70         37          0       1125         90
    3      42         66          3          0       1129         90
    4      42         68         10        727        782         90
    5      42         65         11          0       1130         90
    6      40         69         20        621        702         90
    7      40         66         27          0       1130         90
    8      38         68         20        255        324         90
    9      38         70         10        534        605         90
   10      35         66         10        357        410         90

CUST NO.  XCOORD.   YCOORD.    DEMAND   READY TIME  DUE DATE   SERVICE TIME  CLUSTER
    0      43         73          4          0       1127         90          2
    1      47         71         18          0       1125         90          2
    2      44         65          1          0       1129         90          5
    3      44         67          3        727        931         90          4
    4      38         61          7          0       1130         90          7
    5      40         62          6        621        889         90          6
    6      34         67         14          0       1130         90          7
    7      37         64          3        255        394         90          8
    8      30         75          6        534        836         90          9
    9      31         63          2        357        602         90         10
   10      45         64          1          0       1130         90          5
   11      40         60          4          0       1129         90          5
   12      44         64          2          0       1129         90          5
   13      34         72          2        534        734         90          9
   14      32         64          3        255        429         90          8
   15      44         63          2          0       1127         90          5
   16      45         70         12          0       1125         90          2
   17      43         67          1          0       1129         90          3
   18      44         66          1          0       1130         90          3
   19      49         68          1          0       1127         90          1
   20      40         64          1          0       1130         90          7
   21      37         67          1          0       1130         90          7
   22      39         64          1          0       1130         90          7
   23      44         70          2          0       1127         90          2
   24      32         69          2        534        787         90          9
   25      41         68          1        621        708         90          6
   26      41         67          1          0       1130         90          7
   27      47         66          1          0       1130         90          1
   28      37         68          2        357        474         90         10
   29      42         66          1          0       1129         90          3
   30      39         63          1          0       1130         90          7
   31      39         71         11        621        928         90          6
   32      43         70          1          0       1127         90          2
   33      35         72          6        357        563         90         10
   34      40         65          1          0       1130         90          7
   35      37         72          1        621        876         90          6
   36      48         66          7        727       1044         90          4
   37      41         64          1        621        770         90          6
   38      44         65          1          0       1129         90          5
   39      35         66         14        255        348         90          8
