C103_10_40

10	40

VEHICLE
NUMBER     CAPACITY
  25         200

CUSTOMER
CUST NO.  XCOORD.   YCOORD.    DEMAND    READY TIME  DUE DATE   SERVICE  TIME
 
    0      40         50          0          0       1236          0   
    1      45         68         10          0       1127         90   
    2      45         70         30          0       1125         90   
    3      42         66         10          0       1129         90   
    4      42         68         10        727        782         90   
    5      42         65         10          0       1130         90   
    6      40         69         20        621        702         90   
    7      40         66         20          0       1130         90   
    8      38         68         20        255        324         90   
    9      38         70         10        534        605         90   
   10      35         66         10        357        410         90   

CUST NO.  XCOORD.   YCOORD.    DEMAND   READY TIME  DUE DATE   SERVICE TIME  CLUSTER
    0      49         63          4          0       1127         18          1
    1      42         70         20          0       1125         45          2
    2      30         71          1          0       1129         22          3
    3      52         67          2        947       1009         18          4
    4      35         55          2          0       1130         12          5
    5      37         71          6        823        912         30          6
    6      33         63         20          0       1130         90          7
    7      32         72          9        358        434         45          8
    8      34         60          4        710        776         12          9
    9      23         71          4        562        599         22         10
   10      36         63          3        871        946         18          4
   11      46         73          3          0       1129         22          3
   12      35         65          1        541        613         12          9
   13      45         69          2        860        915         18          4
   14      43         65          4        581        643         22         10
   15      48         66          1          0       1127         18          1
   16      53         49          2          0       1130         12          5
   17      31         68          1        737        807         30          6
   18      31         66         11        327        402         45          8
   19      44         54          2        801        866         18          4
   20      35         65          1          0       1130         12          5
   21      27         81          1        583        655         12          9
   22      49         64         13        725        807         30          6
   23      37         59          2          0       1129         22          3
   24      56         61          2          0       1130         12          5
   25      39         73          2          0       1127         18          1
   26      39         70          1        515        542         22         10
   27      37         72          1        755        806         18          4
   28      59         74          2          0       1127         18          1
   29      29         70          1        738        813         12          9
   30      47         71          1          0       1127         18          1
   31      42         62          1          0       1130         12          5
   32      41         61          4          0       1129         22          3
   33      44         71          1          0       1130         12          5
   34      27         63          1        587        664         12          9
   35      45         67          1        771        846         12          9
   36      45         71          1        661        742         12          9
   37      25         76          1        522        579         22         10
   38      34         64          1          0       1130         12          5
   39      41         86         10          0       1125         45          2
