C103_10_40

10	40

VEHICLE
NUMBER     CAPACITY
  25         200

CUSTOMER
CUST NO.  XCOORD.   YCOORD.    DEMAND    READY TIME  DUE DATE   SERVICE  TIME
 
    0      40         50          0          0       1236          0
    1      45         68          1          0       1127         90
    2      45         70         29          0       1125         90
    3      42         66          5          0       1129         90
    4      42         68         10        727        782         90
    5      42         65         14          0       1130         90
    6      40         69         20        621        702         90
    7      40         66         31          0       1130         90
    8      38         68         20        255        324         90
    9      38         70         10        534        605         90
   10      35         66         10        357        410         90

CUST NO.  XCOORD.   YCOORD.    DEMAND   READY TIME  DUE DATE   SERVICE TIME  CLUSTER
    0      45         68          1          0       1127         22          1
    1      40         77         11          0       1125         30          2
    2      39         59          9          0       1129         45          5
    3      32         66          9        862        908         45          4
    4      42         72          5          0       1130         18          2
    5      44         68         12        815        893         12          6
    6      40         58          1          0       1130         30          5
    7      31         66          5        263        353         18          8
    8      42         70          3        593        662         30          9
    9      33         64          1        411        466         15         10
   10      42         62          2          0       1130         18          5
   11      32         65          1          0       1130         18          7
   12      40         64         10          0       1125         30          7
   13      33         62          1          0       1130         18          7
   14      46         64          2        685        748         12          6
   15      47         73          9          0       1125         30          2
   16      37         59         14          0       1130         30          7
   17      27         64          1        507        564         15         10
   18      42         68          5          0       1127         22          3
   19      31         62          2        499        533         15         10
   20      40         77          9        360        406         18          8
   21      33         61          1        717        822         12          6
   22      31         68          5        566        651         30          9
   23      32         69          4        452        506         15         10
   24      32         55          2        395        454         18          8
   25      34         63          2        837        927         12          6
   26      38         60          1        590        622         15         10
   27      44         62          2        642        713         30          9
   28      46         60          1          0       1129         45          5
   29      48         71          1          0       1127         22          2
   30      37         74          1        264        328         18          8
   31      29         65          3        345        400         18          8
   32      37         69          5          0       1130         30          7
   33      50         73          1        729        790         45          4
   34      28         70          1        484        527         15         10
   35      40         58          1          0       1130         18          5
   36      47         68          1        631        727         12          6
   37      35         73          1        819        922         12          6
   38      34         75          1        829        917         12          6
   39      47         70          3          0       1127         22          2
