C104_10_40

10	40

VEHICLE
NUMBER     CAPACITY
  25         200

CUSTOMER
CUST NO.   XCOORD.  YCOORD.    DEMAND    READY TIME  DUE DATE  SERVICE   TIME
 
    0      40         50          0          0       1236          0
    1      45         68         37          0       1127         90
    2      45         70         15          0       1125         90
    3      42         66          6          0       1129         90
    4      42         68         10        727        782         90
    5      42         65         13          0       1130         90
    6      40         69         19          0       1127         90
    7      40         66          6          0       1130         90
    8      38         68         20        255        324         90
    9      38         70         10        534        605         90
   10      35         66         14          0       1129         90

CUST NO.  XCOORD.   YCOORD.    DEMAND   READY TIME  DUE DATE   SERVICE TIME  CLUSTER
    0      47         71          7          0       1127         90          2
    1      46         69          5          0       1125         90          2
    2      44         65          5          0       1129         90          5
    3      39         68         10        727        960         90          4
    4      38         70          5          0       1130         90          6
    5      39         68         12          0       1127         90          6
    6      48         65         10          0       1130         90          1
    7      38         66         12        255        408         90          8
    8      42         67          4        534        822         90          9
    9      30         66          6          0       1129         90         10
   10      34         69          4          0       1127         90         10
   11      42         70          1          0       1127         90          6
   12      40         74          3        255        561         90          8
   13      38         70          1        534        740         90          9
   14      43         67          2          0       1130         90          3
   15      43         70          1          0       1130         90          2
   16      46         67          2          0       1127         90          1
   17      38         67          4          0       1130         90          7
   18      39         65          1          0       1129         90          7
   19      38         66          1        534        733         90          9
   20      38         67          1          0       1130         90          7
   21      46         66         22          0       1125         90          1
   22      34         70          1        534        774         90          9
   23      34         65          1        534        823         90          9
   24      38         61          3        255        469         90          8
   25      47         70          1          0       1125         90          2
   26      42         66          3          0       1129         90          3
   27      44         67          3          0       1127         90          1
   28      41         62          1          0       1129         90          5
   29      39         59          1          0       1130         90          5
   30      44         60          5          0       1130         90          5
   31      35         67          3          0       1129         90         10
   32      39         65          1        534        772         90          9
   33      35         64          1          0       1127         90         10
   34      41         62          1          0       1130         90          5
   35      35         68          1        534        756         90          9
   36      31         65          2        255        559         90          8
   37      44         66          1          0       1129         90          3
   38      47         70          1          0       1125         90          2
   39      40         73          1          0       1125         90          6
