C104_10_40

10	40

VEHICLE
NUMBER     CAPACITY
  25         200

CUSTOMER
CUST NO.   XCOORD.  YCOORD.    DEMAND    READY TIME  DUE DATE  SERVICE   TIME
 
    0      40         50          0          0       1236          0
    1      45         68          2          0       1127         90
    2      45         70         28          0       1125         90
    3      42         66          5          0       1129         90
    4      42         68         10        727        782         90
    5      42         65         17          0       1130         90
    6      40         69         17          0       1127         90
    7      40         66         10          0       1130         90
    8      38         68         20        255        324         90
    9      38         70         10        534        605         90
   10      35         66         31          0       1129         90

CUST NO.  XCOORD.   YCOORD.    DEMAND   READY TIME  DUE DATE   SERVICE TIME  CLUSTER
    0      42         66          1          0       1127         22          3
    1      40         69          4          0       1125         30          6
    2      41         64          5          0       1129         22          5
    3      46         69          2        881        941         18          4
    4      36         77          5          0       1130         18          6
    5      37         66         15          0       1127         18         10
    6      39         63          7          0       1130         18          7
    7      47         59          8        262        344         30          8
    8      36         63          1        672        740         22          9
    9      35         74          2          0       1129         45          6
   10      38         69          4          0       1127         22          6
   11      29         69          3        460        526         30          8
   12      35         63          5          0       1130         18         10
   13      48         69         12          0       1125         30          2
   14      42         59          1          0       1127         22          5
   15      45         70          2        880        933         18          4
   16      48         73          4        772        827         18          4
   17      48         61          1          0       1130         18          5
   18      53         67          1          0       1129         22          1
   19      45         76         14          0       1125         30          2
   20      41         63          3          0       1129         22          5
   21      34         61          8          0       1129         45         10
   22      31         59          9        398        470         30          8
   23      48         54          1          0       1130         18          5
   24      39         57          1        911        968         18          4
   25      39         70          6        579        647         22          9
   26      40         62          2          0       1130         18          5
   27      40         67          3          0       1130         18          7
   28      47         74          2          0       1127         18          2
   29      37         70          1          0       1127         18          6
   30      30         61          1          0       1127         18         10
   31      41         69          2        630        699         22          9
   32      38         66          1        623        692         22          9
   33      34         71          2          0       1130         18         10
   34      43         70          1        957       1017         18          4
   35      45         65          1          0       1129         22          1
   36      42         49          1          0       1130         18          5
   37      42         63          3          0       1130         18          5
   38      42         66          4          0       1127         22          3
   39      42         72          1          0       1127         18          6
