C104_10_40

9	40

VEHICLE
NUMBER     CAPACITY
  25         200

CUSTOMER
CUST NO.   XCOORD.  YCOORD.    DEMAND    READY TIME  DUE DATE  SERVICE   TIME
 
    0      40         50          0          0       1236          0
    1      45         68          7          0       1127         90
    2      45         70         15          0       1125         90
    3      42         66          3          0       1129         90
    4      42         68         10        727        782         90
    5      42         65         28          0       1130         90
    6      40         69         33          0       1127         90
    7      38         68         20        255        324         90
    8      38         70         10        534        605         90
    9      35         66         24          0       1129         90

CUST NO.  XCOORD.   YCOORD.    DEMAND   READY TIME  DUE DATE   SERVICE TIME  CLUSTER
    0      47         65          2          0       1127         15          1
    1      40         75         11          0       1125         15          6
    2      29         59          8          0       1129         30          9
    3      53         75          7        780        833         30          4
    4      44         73          1          0       1130         18          2
    5      32         80         11          0       1127         18          6
    6      42         62         20          0       1130         90          5
    7      38         61         17        498        563         22          7
    8      42         73          5        556        619         18          8
    9      37         68          3          0       1129         45          9
   10      42         76          2          0       1130         18          2
   11      45         55          1        655        722         18          8
   12      41         83          8          0       1125         15          2
   13      35         76          2        692        761         18          8
   14      37         60          4          0       1127         15          9
   15      35         69          1          0       1129         30          9
   16      36         77          1        611        686         18          8
   17      35         63          1          0       1127         15          9
   18      47         79          2        929        985         30          4
   19      26         78          7          0       1129         45          9
   20      46         75          1          0       1127         15          2
   21      46         54          3          0       1125         15          5
   22      41         66          3          0       1127         18          3
   23      52         66          4          0       1127         18          1
   24      49         57          1        468        543         22          7
   25      40         73          1          0       1127         15          6
   26      38         70          1          0       1127         18          6
   27      39         70          1        310        380         22          7
   28      59         71          1          0       1125         15          2
   29      35         65          1        739        804         30          4
   30      27         66          1        388        447         22          7
   31      53         72          1          0       1129         30          2
   32      41         76          4          0       1125         15          6
   33      50         57          3          0       1125         15          5
   34      44         80          1        728        794         18          8
   35      41         71          4          0       1130         18          6
   36      44         56          2          0       1130         18          5
   37      40         76          1          0       1127         18          6
   38      41         78          1          0       1127         15          2
   39      47         64          1          0       1130         18          1
